miller_11.qasm: 0.10107588768005371 s
decod24-v2_43.qasm: 0.09949398040771484 s
one-two-three-v3_101.qasm: 0.09399104118347168 s
hwb5_53.qasm: 0.1641099452972412 s
alu-bdd_288.qasm: 0.10387277603149414 s
f2_232.qasm: 0.34095311164855957 s
con1_216.qasm: 0.9047021865844727 s
mini_alu_305.qasm: 0.11905789375305176 s
wim_266.qasm: 1.3967719078063965 s
cm152a_212.qasm: 0.20140910148620605 s
squar5_261.qasm: 5.0096211433410645 s
sym6_316.qasm: 0.11157011985778809 s
rd84_142.qasm: 0.1996920108795166 s
cnt3-5_179.qasm: 0.13059091567993164 s
