miller_11.qasm: 0.0901179313659668 s
decod24-v2_43.qasm: 0.09127020835876465 s
one-two-three-v3_101.qasm: 0.09891819953918457 s
hwb5_53.qasm: 0.15354585647583008 s
alu-bdd_288.qasm: 0.10149812698364258 s
f2_232.qasm: 0.23098421096801758 s
con1_216.qasm: 0.6118509769439697 s
mini_alu_305.qasm: 1.2373700141906738 s
wim_266.qasm: 10.844091892242432 s
cm152a_212.qasm: 76.43342900276184 s
squar5_261.qasm: 102.97871494293213 s
