miller_11.qasm: 0.10486483573913574 s
decod24-v2_43.qasm: 0.08342480659484863 s
one-two-three-v3_101.qasm: 0.0922398567199707 s
hwb5_53.qasm: 0.17457199096679688 s
alu-bdd_288.qasm: 0.13139677047729492 s
f2_232.qasm: 0.23640823364257812 s
con1_216.qasm: 0.6408388614654541 s
mini_alu_305.qasm: 1.0904810428619385 s
wim_266.qasm: 11.28211498260498 s
cm152a_212.qasm: 72.93601989746094 s
