miller_11.qasm: 0.11426901817321777 s
decod24-v2_43.qasm: 0.07793807983398438 s
one-two-three-v3_101.qasm: 0.09953713417053223 s
hwb5_53.qasm: 0.18059206008911133 s
alu-bdd_288.qasm: 0.1207587718963623 s
f2_232.qasm: 0.3370969295501709 s
con1_216.qasm: 0.9250640869140625 s
mini_alu_305.qasm: 0.09839105606079102 s
wim_266.qasm: 1.4231727123260498 s
cm152a_212.qasm: 0.2908449172973633 s
squar5_261.qasm: 5.0017969608306885 s
sym6_316.qasm: 0.1293649673461914 s
rd84_142.qasm: 0.18385004997253418 s
cnt3-5_179.qasm: 0.1094207763671875 s
